gan-mmd-0-3:0.7283333333333334
gan-mmd-0-3:0.715
gan-mmd-0-3:0.7133333333333334
gan-0-3:0.7633333333333333
gan-mmd-0-3:0.7591666666666667
